254.205600
253.892700
252.628700
249.816500
245.643200
240.437400
234.295900
227.535400
220.163100
212.386900
204.300100
196.026900
187.713300
179.380400
171.286100
163.344400
155.607000
148.113400
140.937200
134.045500
127.481700
121.257500
115.313200
109.719200
104.413000
99.391200
94.673500
90.167100
85.986400
81.969900
78.214400
74.757800
71.453300
68.247700
65.329100
62.501200
59.851800
57.337400
55.052200
52.830800
50.745100
48.685300
46.772300
44.978300
43.381000
41.698300
40.244400
38.748000
37.324900
36.023300
34.796800
33.672000
32.488000
31.390800
30.399700
29.376800
28.456700
27.501500
26.701300
25.931800
25.017300
24.390300
23.632100
22.956900
22.244300
21.622700
21.035200
20.433300
19.853100
19.319700
18.839400
18.353600
17.792100
17.314300
16.954100
16.509300
16.067900
15.662600
15.312400
14.964100
14.537900
14.191500
13.880800
13.523900
13.207200
12.932100
12.682500
12.343700
12.092200
11.813700
11.561100
11.293200
11.098400
10.796700
10.558700
10.383400
10.148400
9.913600
9.706700
9.580000
9.350600
9.216800
9.000600
8.766300
8.650400
8.449900
8.276700
8.079100
8.026700
7.822400
7.720700
7.539400
7.429100
7.265000
7.164500
7.042900
6.840700
6.786900
6.669000
6.547300
6.418400
6.340600
6.248100
6.094700
6.021500
5.897500
5.841400
5.690800
5.560400
5.520500
5.373100
5.356300
5.314400
5.208800
5.134800
5.052600
4.899100
4.867100
4.788900
4.761700
4.648300
4.569300
4.524600
4.499900
4.379000
4.348900
4.259600
4.241800
4.110300
4.115500
4.029300
3.975000
3.904200
3.902400
3.867300
3.800800
3.705300
3.669000
3.632300
3.601300
3.549600
3.488900
3.478200
3.430600
3.389900
3.363200
3.310500
3.288900
3.216600
3.187400
3.163900
3.096900
3.074900
3.061800
3.024000
2.975900
2.916800
2.897200
2.854600
2.866700
2.843700
2.793700
2.739900
2.726400
2.701400
2.696800
2.701400
2.621500
2.615300
2.584500
2.561700
2.515400
2.508200
2.455600
2.490200
2.442000
2.421800
2.381700
2.389500
2.347300
2.342400
2.301500
2.317300
2.310400
2.257500
2.252300
2.221800
2.214400
2.174000
2.191300
2.142500
2.149000
2.119500
2.110900
2.111200
2.091000
2.072800
2.046600
2.051300
2.017000
1.966800
1.995200
2.005700
1.951800
1.955200
1.948900
1.930600
1.933900
1.900900
1.907800
1.832600
1.871600
1.865000
1.847600
1.844100
1.839700
1.793200
1.815300
1.806200
1.768700
1.772900
1.761500
1.706800
1.724200
1.737300
1.678800
1.741600
1.726500
1.706700
1.685300
1.669800
1.690500
1.688400
1.642700
1.665000
1.665700
1.609400
1.603900
1.585700
1.581900
1.596000
1.578200
1.596000
1.573500
1.571900
1.553500
1.566700
1.573500
1.535800
1.520700
1.523300
1.535000
1.519200
1.492200
1.496700
1.512000
1.478100
1.468400
1.446700
1.458200
1.492700
1.459500
1.467500
1.423600
1.448900
1.456700
1.428300
1.424000
1.420300
1.425200
1.409300
1.396100
1.436100
1.385200
1.385900
1.399900
1.370000
1.371600
1.331300
1.363500
1.350900
1.417000
1.351800
1.374100
1.349800
1.347000
1.316200
1.333300
1.340300
1.356000
1.329600
1.317500
1.321600
1.277500
1.314200
1.290400
1.281400
1.267700
1.279500
1.268500
1.286000
1.259600
1.282800
1.264300
1.252000
1.269300
1.241100
1.218400
1.251800
1.267400
1.245200
1.274200
1.205300
1.257400
1.241800
1.216700
1.218600
1.253600
1.231100
1.238200
1.201700
1.226600
1.240800
1.229500
1.216300
1.194900
1.210800
1.203000
1.187000
1.205400
1.175700
1.197600
1.153000
1.179800
1.188700
1.176300
1.154500
1.184900
1.176100
1.140400
1.147300
1.126000
1.168900
1.203200
1.157800
1.152900
1.146400
1.176300
1.138200
1.149100
1.139100
1.125000
1.149100
1.121500
1.110400
1.166400
1.095000
1.114200
1.141800
1.135600
1.133500
1.115800
1.090200
1.116900
1.104800
1.104500
1.086900
1.119900
1.140300
1.094200
1.103900
1.050200
1.095400
1.102000
1.131700
1.122300
1.074100
1.085900
1.083100
1.087900
1.071200
1.094700
1.074600
1.105200
1.071300
1.077300
1.092300
1.087100
1.067200
1.060700
1.050100
1.068300
1.084000
1.040000
1.075100
1.067200
1.064800
1.047400
1.040700
1.066800
1.020400
1.067900
1.051000
1.062900
1.048400
1.033000
1.033800
1.073300
1.041100
1.044300
1.035600
1.046900
1.031100
1.058400
1.045300
1.014600
1.017900
1.034100
1.027700
1.048400
1.008600
1.035000
1.011300
1.039400
1.043200
1.033300
1.012000
0.997500
0.999800
1.029200
0.988500
1.005500
1.020000
1.014700
0.980600
1.018200
1.024100
1.011500
1.013800
1.023900
1.002500
1.032200
0.998200
0.997100
0.985700
1.021100
1.027500
0.996500
0.990400
0.988600
0.999800
0.960800
0.996500
1.002000
1.009600
0.972700
0.982600
0.997100
0.988200
0.989900
0.978600
0.988000
0.955500
0.992400
0.954800
0.989400
0.965100
0.969900
0.964200
0.978100
0.967100
0.996000
0.996600
0.966000
0.949400
0.945000
0.974000
0.969500
0.988800
0.977600
0.987400
0.959700
0.957400
0.965900
0.965100
0.978000
0.960500
0.944800
0.983800
0.978400
0.953400
0.980200
0.994800
0.971800
0.967200
0.966500
0.949700
0.959800
0.955800
0.942700
0.917100
0.927300
0.973200
0.957100
0.957200
0.948300
0.949100
0.932800
0.946900
0.938000
0.961500
0.965800
0.933600
0.938300
0.922800
0.950300
0.933400
0.951300
0.932200
0.921000
0.955500
0.902700
0.942600
0.975500
0.943300
0.946500
0.940800
0.965300
0.957900
0.947800
0.927500
0.913600
0.949400
0.946800
0.931700
0.929300
0.922600
0.944900
0.921000
0.907000
0.905500
0.931800
0.927500
0.940300
0.929700
0.935300
0.915700
0.925600
0.919800
0.940500
0.927500
0.898300
0.930100
0.921600
0.956600
0.937100
0.915900
0.930400
0.923100
0.923300
0.925300
0.918400
0.926000
0.941600
0.945000
0.925700
0.913400
0.893100
0.900700
0.907100
0.916300
0.921300
0.910000
0.931000
0.886500
0.928700
0.910500
0.903300
0.921600
0.884600
